query,type,n_relevant,pos_labels,neg_labels,P@1,R@1,P@5,R@5,P@10,R@10
atelectasis,single,1034,chexpert_Atelectasis,,0.0,0.0,0.4,0.0019342359767891683,0.4,0.0038684719535783366
cardiomegaly,single,1258,chexpert_Cardiomegaly,,1.0,0.000794912559618442,0.8,0.003179650238473768,0.8,0.006359300476947536
consolidation,single,326,chexpert_Consolidation,,0.0,0.0,0.2,0.003067484662576687,0.2,0.006134969325153374
edema,single,959,chexpert_Edema,,1.0,0.0010427528675703858,0.8,0.004171011470281543,0.8,0.008342022940563087
enlarged cardiomediastinum,single,200,chexpert_Enlarged Cardiomediastinum,,1.0,0.005,0.2,0.005,0.3,0.015
fracture,single,167,chexpert_Fracture,,0.0,0.0,0.2,0.005988023952095809,0.1,0.005988023952095809
lung lesion,single,202,chexpert_Lung Lesion,,0.0,0.0,0.4,0.009900990099009901,0.2,0.009900990099009901
lung opacity,single,1561,chexpert_Lung Opacity,,1.0,0.0006406149903907751,1.0,0.0032030749519538757,0.8,0.005124919923126201
no finding,single,984,chexpert_No Finding,,1.0,0.0010162601626016261,1.0,0.00508130081300813,0.9,0.009146341463414634
pleural effusion,single,1542,chexpert_Pleural Effusion,,1.0,0.0006485084306095979,1.0,0.00324254215304799,1.0,0.00648508430609598
pleural other,single,119,chexpert_Pleural Other,,0.0,0.0,0.0,0.0,0.0,0.0
pneumonia,single,539,chexpert_Pneumonia,,1.0,0.0018552875695732839,0.6,0.0055658627087198514,0.5,0.00927643784786642
pneumothorax,single,144,chexpert_Pneumothorax,,0.0,0.0,0.2,0.006944444444444444,0.2,0.013888888888888888
atelectasis and cardiomegaly,pair,350,"chexpert_Atelectasis,chexpert_Cardiomegaly",,0.0,0.0,0.2,0.002857142857142857,0.3,0.008571428571428572
atelectasis and consolidation,pair,64,"chexpert_Atelectasis,chexpert_Consolidation",,0.0,0.0,0.0,0.0,0.0,0.0
atelectasis and edema,pair,233,"chexpert_Atelectasis,chexpert_Edema",,0.0,0.0,0.0,0.0,0.3,0.012875536480686695
atelectasis and enlarged cardiomediastinum,pair,68,"chexpert_Atelectasis,chexpert_Enlarged Cardiomediastinum",,0.0,0.0,0.0,0.0,0.1,0.014705882352941176
atelectasis and fracture,pair,29,"chexpert_Atelectasis,chexpert_Fracture",,0.0,0.0,0.0,0.0,0.0,0.0
atelectasis and lung lesion,pair,32,"chexpert_Atelectasis,chexpert_Lung Lesion",,0.0,0.0,0.0,0.0,0.0,0.0
atelectasis and lung opacity,pair,401,"chexpert_Atelectasis,chexpert_Lung Opacity",,0.0,0.0,0.2,0.0024937655860349127,0.2,0.004987531172069825
atelectasis and no finding,pair,0,"chexpert_Atelectasis,chexpert_No Finding",,,,,,,
atelectasis and pleural effusion,pair,600,"chexpert_Atelectasis,chexpert_Pleural Effusion",,1.0,0.0016666666666666668,0.6,0.005,0.5,0.008333333333333333
atelectasis and pleural other,pair,7,"chexpert_Atelectasis,chexpert_Pleural Other",,0.0,0.0,0.0,0.0,0.0,0.0
atelectasis and pneumonia,pair,105,"chexpert_Atelectasis,chexpert_Pneumonia",,0.0,0.0,0.0,0.0,0.1,0.009523809523809525
atelectasis and pneumothorax,pair,31,"chexpert_Atelectasis,chexpert_Pneumothorax",,0.0,0.0,0.0,0.0,0.0,0.0
cardiomegaly and consolidation,pair,86,"chexpert_Cardiomegaly,chexpert_Consolidation",,0.0,0.0,0.0,0.0,0.0,0.0
cardiomegaly and edema,pair,403,"chexpert_Cardiomegaly,chexpert_Edema",,0.0,0.0,0.2,0.0024813895781637717,0.2,0.004962779156327543
cardiomegaly and enlarged cardiomediastinum,pair,51,"chexpert_Cardiomegaly,chexpert_Enlarged Cardiomediastinum",,0.0,0.0,0.0,0.0,0.0,0.0
cardiomegaly and fracture,pair,49,"chexpert_Cardiomegaly,chexpert_Fracture",,0.0,0.0,0.2,0.02040816326530612,0.2,0.04081632653061224
cardiomegaly and lung lesion,pair,31,"chexpert_Cardiomegaly,chexpert_Lung Lesion",,0.0,0.0,0.0,0.0,0.0,0.0
cardiomegaly and lung opacity,pair,368,"chexpert_Cardiomegaly,chexpert_Lung Opacity",,0.0,0.0,0.2,0.002717391304347826,0.2,0.005434782608695652
cardiomegaly and no finding,pair,0,"chexpert_Cardiomegaly,chexpert_No Finding",,,,,,,
cardiomegaly and pleural effusion,pair,513,"chexpert_Cardiomegaly,chexpert_Pleural Effusion",,0.0,0.0,0.0,0.0,0.2,0.003898635477582846
cardiomegaly and pleural other,pair,33,"chexpert_Cardiomegaly,chexpert_Pleural Other",,0.0,0.0,0.0,0.0,0.1,0.030303030303030304
cardiomegaly and pneumonia,pair,125,"chexpert_Cardiomegaly,chexpert_Pneumonia",,1.0,0.008,0.2,0.008,0.2,0.016
cardiomegaly and pneumothorax,pair,21,"chexpert_Cardiomegaly,chexpert_Pneumothorax",,0.0,0.0,0.0,0.0,0.1,0.047619047619047616
consolidation and edema,pair,71,"chexpert_Consolidation,chexpert_Edema",,0.0,0.0,0.0,0.0,0.0,0.0
consolidation and enlarged cardiomediastinum,pair,17,"chexpert_Consolidation,chexpert_Enlarged Cardiomediastinum",,0.0,0.0,0.0,0.0,0.0,0.0
consolidation and fracture,pair,7,"chexpert_Consolidation,chexpert_Fracture",,0.0,0.0,0.0,0.0,0.0,0.0
consolidation and lung lesion,pair,28,"chexpert_Consolidation,chexpert_Lung Lesion",,1.0,0.03571428571428571,0.2,0.03571428571428571,0.1,0.03571428571428571
consolidation and lung opacity,pair,113,"chexpert_Consolidation,chexpert_Lung Opacity",,0.0,0.0,0.0,0.0,0.0,0.0
consolidation and no finding,pair,0,"chexpert_Consolidation,chexpert_No Finding",,,,,,,
consolidation and pleural effusion,pair,139,"chexpert_Consolidation,chexpert_Pleural Effusion",,0.0,0.0,0.0,0.0,0.0,0.0
consolidation and pleural other,pair,6,"chexpert_Consolidation,chexpert_Pleural Other",,0.0,0.0,0.0,0.0,0.0,0.0
consolidation and pneumonia,pair,70,"chexpert_Consolidation,chexpert_Pneumonia",,0.0,0.0,0.0,0.0,0.0,0.0
consolidation and pneumothorax,pair,7,"chexpert_Consolidation,chexpert_Pneumothorax",,0.0,0.0,0.0,0.0,0.0,0.0
edema and enlarged cardiomediastinum,pair,34,"chexpert_Edema,chexpert_Enlarged Cardiomediastinum",,0.0,0.0,0.0,0.0,0.0,0.0
edema and fracture,pair,19,"chexpert_Edema,chexpert_Fracture",,0.0,0.0,0.0,0.0,0.0,0.0
edema and lung lesion,pair,12,"chexpert_Edema,chexpert_Lung Lesion",,0.0,0.0,0.0,0.0,0.0,0.0
edema and lung opacity,pair,298,"chexpert_Edema,chexpert_Lung Opacity",,0.0,0.0,0.2,0.003355704697986577,0.2,0.006711409395973154
edema and no finding,pair,0,"chexpert_Edema,chexpert_No Finding",,,,,,,
edema and pleural effusion,pair,466,"chexpert_Edema,chexpert_Pleural Effusion",,0.0,0.0,0.4,0.004291845493562232,0.5,0.01072961373390558
edema and pleural other,pair,22,"chexpert_Edema,chexpert_Pleural Other",,0.0,0.0,0.2,0.045454545454545456,0.1,0.045454545454545456
edema and pneumonia,pair,100,"chexpert_Edema,chexpert_Pneumonia",,0.0,0.0,0.0,0.0,0.0,0.0
edema and pneumothorax,pair,11,"chexpert_Edema,chexpert_Pneumothorax",,0.0,0.0,0.0,0.0,0.0,0.0
enlarged cardiomediastinum and fracture,pair,13,"chexpert_Enlarged Cardiomediastinum,chexpert_Fracture",,0.0,0.0,0.0,0.0,0.0,0.0
enlarged cardiomediastinum and lung lesion,pair,3,"chexpert_Enlarged Cardiomediastinum,chexpert_Lung Lesion",,0.0,0.0,0.0,0.0,0.0,0.0
enlarged cardiomediastinum and lung opacity,pair,70,"chexpert_Enlarged Cardiomediastinum,chexpert_Lung Opacity",,0.0,0.0,0.2,0.014285714285714285,0.1,0.014285714285714285
enlarged cardiomediastinum and no finding,pair,0,"chexpert_Enlarged Cardiomediastinum,chexpert_No Finding",,,,,,,
enlarged cardiomediastinum and pleural effusion,pair,67,"chexpert_Enlarged Cardiomediastinum,chexpert_Pleural Effusion",,0.0,0.0,0.2,0.014925373134328358,0.2,0.029850746268656716
enlarged cardiomediastinum and pleural other,pair,4,"chexpert_Enlarged Cardiomediastinum,chexpert_Pleural Other",,0.0,0.0,0.0,0.0,0.0,0.0
enlarged cardiomediastinum and pneumonia,pair,9,"chexpert_Enlarged Cardiomediastinum,chexpert_Pneumonia",,0.0,0.0,0.0,0.0,0.0,0.0
enlarged cardiomediastinum and pneumothorax,pair,16,"chexpert_Enlarged Cardiomediastinum,chexpert_Pneumothorax",,0.0,0.0,0.0,0.0,0.0,0.0
fracture and lung lesion,pair,9,"chexpert_Fracture,chexpert_Lung Lesion",,0.0,0.0,0.0,0.0,0.0,0.0
fracture and lung opacity,pair,27,"chexpert_Fracture,chexpert_Lung Opacity",,0.0,0.0,0.0,0.0,0.0,0.0
fracture and no finding,pair,0,"chexpert_Fracture,chexpert_No Finding",,,,,,,
fracture and pleural effusion,pair,42,"chexpert_Fracture,chexpert_Pleural Effusion",,0.0,0.0,0.2,0.023809523809523808,0.1,0.023809523809523808
fracture and pleural other,pair,9,"chexpert_Fracture,chexpert_Pleural Other",,0.0,0.0,0.2,0.1111111111111111,0.1,0.1111111111111111
fracture and pneumonia,pair,8,"chexpert_Fracture,chexpert_Pneumonia",,0.0,0.0,0.0,0.0,0.0,0.0
fracture and pneumothorax,pair,6,"chexpert_Fracture,chexpert_Pneumothorax",,0.0,0.0,0.0,0.0,0.0,0.0
lung lesion and lung opacity,pair,109,"chexpert_Lung Lesion,chexpert_Lung Opacity",,0.0,0.0,0.2,0.009174311926605505,0.1,0.009174311926605505
lung lesion and no finding,pair,0,"chexpert_Lung Lesion,chexpert_No Finding",,,,,,,
lung lesion and pleural effusion,pair,67,"chexpert_Lung Lesion,chexpert_Pleural Effusion",,0.0,0.0,0.2,0.014925373134328358,0.1,0.014925373134328358
lung lesion and pleural other,pair,5,"chexpert_Lung Lesion,chexpert_Pleural Other",,0.0,0.0,0.0,0.0,0.0,0.0
lung lesion and pneumonia,pair,33,"chexpert_Lung Lesion,chexpert_Pneumonia",,0.0,0.0,0.0,0.0,0.0,0.0
lung lesion and pneumothorax,pair,6,"chexpert_Lung Lesion,chexpert_Pneumothorax",,0.0,0.0,0.0,0.0,0.0,0.0
lung opacity and no finding,pair,0,"chexpert_Lung Opacity,chexpert_No Finding",,,,,,,
lung opacity and pleural effusion,pair,559,"chexpert_Lung Opacity,chexpert_Pleural Effusion",,0.0,0.0,0.2,0.0017889087656529517,0.4,0.007155635062611807
lung opacity and pleural other,pair,38,"chexpert_Lung Opacity,chexpert_Pleural Other",,0.0,0.0,0.0,0.0,0.1,0.02631578947368421
lung opacity and pneumonia,pair,269,"chexpert_Lung Opacity,chexpert_Pneumonia",,0.0,0.0,0.4,0.007434944237918215,0.2,0.007434944237918215
lung opacity and pneumothorax,pair,50,"chexpert_Lung Opacity,chexpert_Pneumothorax",,0.0,0.0,0.4,0.04,0.2,0.04
no finding and pleural effusion,pair,0,"chexpert_No Finding,chexpert_Pleural Effusion",,,,,,,
no finding and pleural other,pair,0,"chexpert_No Finding,chexpert_Pleural Other",,,,,,,
no finding and pneumonia,pair,0,"chexpert_No Finding,chexpert_Pneumonia",,,,,,,
no finding and pneumothorax,pair,0,"chexpert_No Finding,chexpert_Pneumothorax",,,,,,,
pleural effusion and pleural other,pair,35,"chexpert_Pleural Effusion,chexpert_Pleural Other",,0.0,0.0,0.0,0.0,0.0,0.0
pleural effusion and pneumonia,pair,155,"chexpert_Pleural Effusion,chexpert_Pneumonia",,0.0,0.0,0.2,0.0064516129032258064,0.3,0.01935483870967742
pleural effusion and pneumothorax,pair,53,"chexpert_Pleural Effusion,chexpert_Pneumothorax",,0.0,0.0,0.0,0.0,0.0,0.0
pleural other and pneumonia,pair,25,"chexpert_Pleural Other,chexpert_Pneumonia",,0.0,0.0,0.0,0.0,0.1,0.04
pleural other and pneumothorax,pair,2,"chexpert_Pleural Other,chexpert_Pneumothorax",,0.0,0.0,0.0,0.0,0.1,0.5
pneumonia and pneumothorax,pair,10,"chexpert_Pneumonia,chexpert_Pneumothorax",,0.0,0.0,0.0,0.0,0.1,0.1
atelectasis and no cardiomegaly,negative,652,chexpert_Atelectasis,chexpert_Cardiomegaly,1.0,0.0015337423312883436,0.4,0.003067484662576687,0.2,0.003067484662576687
atelectasis and no consolidation,negative,942,chexpert_Atelectasis,chexpert_Consolidation,0.0,0.0,0.4,0.0021231422505307855,0.5,0.005307855626326964
atelectasis and no edema,negative,703,chexpert_Atelectasis,chexpert_Edema,0.0,0.0,0.0,0.0,0.2,0.002844950213371266
atelectasis and no enlarged cardiomediastinum,negative,877,chexpert_Atelectasis,chexpert_Enlarged Cardiomediastinum,0.0,0.0,0.4,0.002280501710376283,0.3,0.0034207525655644243
atelectasis and no fracture,negative,1005,chexpert_Atelectasis,chexpert_Fracture,0.0,0.0,0.2,0.0009950248756218905,0.2,0.001990049751243781
atelectasis and no lung lesion,negative,1000,chexpert_Atelectasis,chexpert_Lung Lesion,0.0,0.0,0.0,0.0,0.1,0.001
atelectasis and no lung opacity,negative,603,chexpert_Atelectasis,chexpert_Lung Opacity,0.0,0.0,0.2,0.001658374792703151,0.1,0.001658374792703151
atelectasis and no no finding,negative,1034,chexpert_Atelectasis,chexpert_No Finding,0.0,0.0,0.4,0.0019342359767891683,0.5,0.004835589941972921
atelectasis and no pleural effusion,negative,389,chexpert_Atelectasis,chexpert_Pleural Effusion,0.0,0.0,0.2,0.002570694087403599,0.1,0.002570694087403599
atelectasis and no pleural other,negative,1025,chexpert_Atelectasis,chexpert_Pleural Other,0.0,0.0,0.0,0.0,0.2,0.001951219512195122
atelectasis and no pneumonia,negative,842,chexpert_Atelectasis,chexpert_Pneumonia,1.0,0.0011876484560570072,0.2,0.0011876484560570072,0.1,0.0011876484560570072
atelectasis and no pneumothorax,negative,999,chexpert_Atelectasis,chexpert_Pneumothorax,0.0,0.0,0.0,0.0,0.1,0.001001001001001001
cardiomegaly and no atelectasis,negative,844,chexpert_Cardiomegaly,chexpert_Atelectasis,1.0,0.001184834123222749,0.2,0.001184834123222749,0.4,0.004739336492890996
cardiomegaly and no consolidation,negative,1135,chexpert_Cardiomegaly,chexpert_Consolidation,0.0,0.0,0.4,0.001762114537444934,0.6,0.0052863436123348016
cardiomegaly and no edema,negative,710,chexpert_Cardiomegaly,chexpert_Edema,0.0,0.0,0.0,0.0,0.1,0.0014084507042253522
cardiomegaly and no enlarged cardiomediastinum,negative,1143,chexpert_Cardiomegaly,chexpert_Enlarged Cardiomediastinum,1.0,0.0008748906386701663,0.4,0.0017497812773403325,0.3,0.0026246719160104987
cardiomegaly and no fracture,negative,1209,chexpert_Cardiomegaly,chexpert_Fracture,0.0,0.0,0.6,0.0024813895781637717,0.5,0.0041356492969396195
cardiomegaly and no lung lesion,negative,1223,chexpert_Cardiomegaly,chexpert_Lung Lesion,0.0,0.0,0.2,0.0008176614881439084,0.3,0.0024529844644317253
cardiomegaly and no lung opacity,negative,859,chexpert_Cardiomegaly,chexpert_Lung Opacity,0.0,0.0,0.2,0.0011641443538998836,0.3,0.0034924330616996507
cardiomegaly and no no finding,negative,1258,chexpert_Cardiomegaly,chexpert_No Finding,1.0,0.000794912559618442,0.8,0.003179650238473768,0.6,0.0047694753577106515
cardiomegaly and no pleural effusion,negative,683,chexpert_Cardiomegaly,chexpert_Pleural Effusion,0.0,0.0,0.2,0.0014641288433382138,0.1,0.0014641288433382138
cardiomegaly and no pleural other,negative,1211,chexpert_Cardiomegaly,chexpert_Pleural Other,1.0,0.0008257638315441783,0.2,0.0008257638315441783,0.3,0.002477291494632535
cardiomegaly and no pneumonia,negative,1006,chexpert_Cardiomegaly,chexpert_Pneumonia,0.0,0.0,0.4,0.0019880715705765406,0.4,0.003976143141153081
cardiomegaly and no pneumothorax,negative,1231,chexpert_Cardiomegaly,chexpert_Pneumothorax,0.0,0.0,0.0,0.0,0.0,0.0
consolidation and no atelectasis,negative,226,chexpert_Consolidation,chexpert_Atelectasis,1.0,0.004424778761061947,0.2,0.004424778761061947,0.1,0.004424778761061947
consolidation and no cardiomegaly,negative,226,chexpert_Consolidation,chexpert_Cardiomegaly,0.0,0.0,0.2,0.004424778761061947,0.2,0.008849557522123894
consolidation and no edema,negative,234,chexpert_Consolidation,chexpert_Edema,0.0,0.0,0.0,0.0,0.0,0.0
consolidation and no enlarged cardiomediastinum,negative,279,chexpert_Consolidation,chexpert_Enlarged Cardiomediastinum,1.0,0.0035842293906810036,0.2,0.0035842293906810036,0.3,0.010752688172043012
consolidation and no fracture,negative,319,chexpert_Consolidation,chexpert_Fracture,1.0,0.003134796238244514,0.2,0.003134796238244514,0.2,0.006269592476489028
consolidation and no lung lesion,negative,296,chexpert_Consolidation,chexpert_Lung Lesion,0.0,0.0,0.2,0.0033783783783783786,0.5,0.016891891891891893
consolidation and no lung opacity,negative,207,chexpert_Consolidation,chexpert_Lung Opacity,0.0,0.0,0.2,0.004830917874396135,0.2,0.00966183574879227
consolidation and no no finding,negative,326,chexpert_Consolidation,chexpert_No Finding,0.0,0.0,0.0,0.0,0.1,0.003067484662576687
consolidation and no pleural effusion,negative,171,chexpert_Consolidation,chexpert_Pleural Effusion,0.0,0.0,0.0,0.0,0.0,0.0
consolidation and no pleural other,negative,316,chexpert_Consolidation,chexpert_Pleural Other,1.0,0.0031645569620253164,0.4,0.006329113924050633,0.3,0.00949367088607595
consolidation and no pneumonia,negative,167,chexpert_Consolidation,chexpert_Pneumonia,0.0,0.0,0.0,0.0,0.1,0.005988023952095809
consolidation and no pneumothorax,negative,318,chexpert_Consolidation,chexpert_Pneumothorax,0.0,0.0,0.0,0.0,0.0,0.0
edema and no atelectasis,negative,661,chexpert_Edema,chexpert_Atelectasis,1.0,0.0015128593040847202,0.2,0.0015128593040847202,0.3,0.0045385779122541605
edema and no cardiomegaly,negative,472,chexpert_Edema,chexpert_Cardiomegaly,0.0,0.0,0.2,0.00211864406779661,0.4,0.00847457627118644
edema and no consolidation,negative,855,chexpert_Edema,chexpert_Consolidation,1.0,0.0011695906432748538,0.6,0.0035087719298245615,0.3,0.0035087719298245615
edema and no enlarged cardiomediastinum,negative,872,chexpert_Edema,chexpert_Enlarged Cardiomediastinum,1.0,0.0011467889908256881,1.0,0.005733944954128441,0.7,0.008027522935779817
edema and no fracture,negative,940,chexpert_Edema,chexpert_Fracture,0.0,0.0,0.6,0.0031914893617021275,0.5,0.005319148936170213
edema and no lung lesion,negative,942,chexpert_Edema,chexpert_Lung Lesion,1.0,0.0010615711252653928,0.4,0.0021231422505307855,0.5,0.005307855626326964
edema and no lung opacity,negative,641,chexpert_Edema,chexpert_Lung Opacity,1.0,0.0015600624024961,1.0,0.0078003120124804995,0.9,0.014040561622464899
edema and no no finding,negative,959,chexpert_Edema,chexpert_No Finding,1.0,0.0010427528675703858,1.0,0.005213764337851929,0.7,0.0072992700729927005
edema and no pleural effusion,negative,449,chexpert_Edema,chexpert_Pleural Effusion,1.0,0.0022271714922048997,0.4,0.004454342984409799,0.2,0.004454342984409799
edema and no pleural other,negative,930,chexpert_Edema,chexpert_Pleural Other,1.0,0.001075268817204301,0.4,0.002150537634408602,0.5,0.005376344086021506
edema and no pneumonia,negative,737,chexpert_Edema,chexpert_Pneumonia,1.0,0.0013568521031207597,0.8,0.005427408412483039,0.8,0.010854816824966078
edema and no pneumothorax,negative,944,chexpert_Edema,chexpert_Pneumothorax,0.0,0.0,0.0,0.0,0.0,0.0
enlarged cardiomediastinum and no atelectasis,negative,111,chexpert_Enlarged Cardiomediastinum,chexpert_Atelectasis,0.0,0.0,0.0,0.0,0.0,0.0
enlarged cardiomediastinum and no cardiomegaly,negative,145,chexpert_Enlarged Cardiomediastinum,chexpert_Cardiomegaly,0.0,0.0,0.0,0.0,0.0,0.0
enlarged cardiomediastinum and no consolidation,negative,179,chexpert_Enlarged Cardiomediastinum,chexpert_Consolidation,0.0,0.0,0.0,0.0,0.1,0.00558659217877095
enlarged cardiomediastinum and no edema,negative,137,chexpert_Enlarged Cardiomediastinum,chexpert_Edema,0.0,0.0,0.0,0.0,0.0,0.0
enlarged cardiomediastinum and no fracture,negative,187,chexpert_Enlarged Cardiomediastinum,chexpert_Fracture,0.0,0.0,0.4,0.0106951871657754,0.3,0.016042780748663103
enlarged cardiomediastinum and no lung lesion,negative,195,chexpert_Enlarged Cardiomediastinum,chexpert_Lung Lesion,0.0,0.0,0.0,0.0,0.0,0.0
enlarged cardiomediastinum and no lung opacity,negative,119,chexpert_Enlarged Cardiomediastinum,chexpert_Lung Opacity,0.0,0.0,0.0,0.0,0.0,0.0
enlarged cardiomediastinum and no no finding,negative,200,chexpert_Enlarged Cardiomediastinum,chexpert_No Finding,1.0,0.005,0.2,0.005,0.3,0.015
enlarged cardiomediastinum and no pleural effusion,negative,118,chexpert_Enlarged Cardiomediastinum,chexpert_Pleural Effusion,0.0,0.0,0.4,0.01694915254237288,0.2,0.01694915254237288
enlarged cardiomediastinum and no pleural other,negative,196,chexpert_Enlarged Cardiomediastinum,chexpert_Pleural Other,0.0,0.0,0.0,0.0,0.2,0.01020408163265306
enlarged cardiomediastinum and no pneumonia,negative,158,chexpert_Enlarged Cardiomediastinum,chexpert_Pneumonia,0.0,0.0,0.0,0.0,0.0,0.0
enlarged cardiomediastinum and no pneumothorax,negative,180,chexpert_Enlarged Cardiomediastinum,chexpert_Pneumothorax,1.0,0.005555555555555556,0.2,0.005555555555555556,0.2,0.011111111111111112
fracture and no atelectasis,negative,129,chexpert_Fracture,chexpert_Atelectasis,0.0,0.0,0.0,0.0,0.0,0.0
fracture and no cardiomegaly,negative,113,chexpert_Fracture,chexpert_Cardiomegaly,0.0,0.0,0.0,0.0,0.0,0.0
fracture and no consolidation,negative,158,chexpert_Fracture,chexpert_Consolidation,0.0,0.0,0.0,0.0,0.0,0.0
fracture and no edema,negative,138,chexpert_Fracture,chexpert_Edema,0.0,0.0,0.0,0.0,0.0,0.0
fracture and no enlarged cardiomediastinum,negative,133,chexpert_Fracture,chexpert_Enlarged Cardiomediastinum,0.0,0.0,0.0,0.0,0.2,0.015037593984962405
fracture and no lung lesion,negative,157,chexpert_Fracture,chexpert_Lung Lesion,0.0,0.0,0.2,0.006369426751592357,0.2,0.012738853503184714
fracture and no lung opacity,negative,134,chexpert_Fracture,chexpert_Lung Opacity,0.0,0.0,0.0,0.0,0.1,0.007462686567164179
fracture and no no finding,negative,167,chexpert_Fracture,chexpert_No Finding,0.0,0.0,0.0,0.0,0.1,0.005988023952095809
fracture and no pleural effusion,negative,119,chexpert_Fracture,chexpert_Pleural Effusion,0.0,0.0,0.0,0.0,0.0,0.0
fracture and no pleural other,negative,158,chexpert_Fracture,chexpert_Pleural Other,0.0,0.0,0.0,0.0,0.1,0.006329113924050633
fracture and no pneumonia,negative,149,chexpert_Fracture,chexpert_Pneumonia,0.0,0.0,0.4,0.013422818791946308,0.2,0.013422818791946308
fracture and no pneumothorax,negative,161,chexpert_Fracture,chexpert_Pneumothorax,0.0,0.0,0.0,0.0,0.0,0.0
lung lesion and no atelectasis,negative,153,chexpert_Lung Lesion,chexpert_Atelectasis,0.0,0.0,0.4,0.013071895424836602,0.2,0.013071895424836602
lung lesion and no cardiomegaly,negative,162,chexpert_Lung Lesion,chexpert_Cardiomegaly,0.0,0.0,0.0,0.0,0.2,0.012345679012345678
lung lesion and no consolidation,negative,167,chexpert_Lung Lesion,chexpert_Consolidation,0.0,0.0,0.2,0.005988023952095809,0.1,0.005988023952095809
lung lesion and no edema,negative,175,chexpert_Lung Lesion,chexpert_Edema,1.0,0.005714285714285714,0.4,0.011428571428571429,0.4,0.022857142857142857
lung lesion and no enlarged cardiomediastinum,negative,180,chexpert_Lung Lesion,chexpert_Enlarged Cardiomediastinum,1.0,0.005555555555555556,0.4,0.011111111111111112,0.2,0.011111111111111112
lung lesion and no fracture,negative,193,chexpert_Lung Lesion,chexpert_Fracture,0.0,0.0,0.0,0.0,0.0,0.0
lung lesion and no lung opacity,negative,93,chexpert_Lung Lesion,chexpert_Lung Opacity,0.0,0.0,0.2,0.010752688172043012,0.1,0.010752688172043012
lung lesion and no no finding,negative,202,chexpert_Lung Lesion,chexpert_No Finding,0.0,0.0,0.2,0.0049504950495049506,0.1,0.0049504950495049506
lung lesion and no pleural effusion,negative,128,chexpert_Lung Lesion,chexpert_Pleural Effusion,0.0,0.0,0.0,0.0,0.0,0.0
lung lesion and no pleural other,negative,197,chexpert_Lung Lesion,chexpert_Pleural Other,1.0,0.005076142131979695,0.2,0.005076142131979695,0.1,0.005076142131979695
lung lesion and no pneumonia,negative,139,chexpert_Lung Lesion,chexpert_Pneumonia,0.0,0.0,0.0,0.0,0.0,0.0
lung lesion and no pneumothorax,negative,192,chexpert_Lung Lesion,chexpert_Pneumothorax,0.0,0.0,0.0,0.0,0.0,0.0
lung opacity and no atelectasis,negative,955,chexpert_Lung Opacity,chexpert_Atelectasis,0.0,0.0,0.0,0.0,0.0,0.0
lung opacity and no cardiomegaly,negative,1134,chexpert_Lung Opacity,chexpert_Cardiomegaly,1.0,0.0008818342151675485,0.2,0.0008818342151675485,0.2,0.001763668430335097
lung opacity and no consolidation,negative,1366,chexpert_Lung Opacity,chexpert_Consolidation,1.0,0.0007320644216691069,0.2,0.0007320644216691069,0.5,0.0036603221083455345
lung opacity and no edema,negative,1088,chexpert_Lung Opacity,chexpert_Edema,0.0,0.0,0.0,0.0,0.1,0.0009191176470588235
lung opacity and no enlarged cardiomediastinum,negative,1371,chexpert_Lung Opacity,chexpert_Enlarged Cardiomediastinum,0.0,0.0,0.2,0.0007293946024799417,0.3,0.002188183807439825
lung opacity and no fracture,negative,1532,chexpert_Lung Opacity,chexpert_Fracture,0.0,0.0,0.2,0.0006527415143603133,0.6,0.0039164490861618795
lung opacity and no lung lesion,negative,1439,chexpert_Lung Opacity,chexpert_Lung Lesion,0.0,0.0,0.8,0.002779708130646282,0.6,0.004169562195969423
lung opacity and no no finding,negative,1561,chexpert_Lung Opacity,chexpert_No Finding,0.0,0.0,0.2,0.0006406149903907751,0.3,0.0019218449711723255
lung opacity and no pleural effusion,negative,926,chexpert_Lung Opacity,chexpert_Pleural Effusion,1.0,0.0010799136069114472,0.2,0.0010799136069114472,0.2,0.0021598272138228943
lung opacity and no pleural other,negative,1514,chexpert_Lung Opacity,chexpert_Pleural Other,1.0,0.0006605019815059445,0.8,0.002642007926023778,0.8,0.005284015852047556
lung opacity and no pneumonia,negative,893,chexpert_Lung Opacity,chexpert_Pneumonia,1.0,0.0011198208286674132,0.2,0.0011198208286674132,0.3,0.0033594624860022394
lung opacity and no pneumothorax,negative,1497,chexpert_Lung Opacity,chexpert_Pneumothorax,1.0,0.0006680026720106881,0.4,0.0013360053440213762,0.4,0.0026720106880427524
no finding and no atelectasis,negative,984,chexpert_No Finding,chexpert_Atelectasis,1.0,0.0010162601626016261,0.6,0.003048780487804878,0.4,0.0040650406504065045
no finding and no cardiomegaly,negative,984,chexpert_No Finding,chexpert_Cardiomegaly,1.0,0.0010162601626016261,0.2,0.0010162601626016261,0.1,0.0010162601626016261
no finding and no consolidation,negative,984,chexpert_No Finding,chexpert_Consolidation,0.0,0.0,0.0,0.0,0.1,0.0010162601626016261
no finding and no edema,negative,984,chexpert_No Finding,chexpert_Edema,0.0,0.0,0.0,0.0,0.0,0.0
no finding and no enlarged cardiomediastinum,negative,984,chexpert_No Finding,chexpert_Enlarged Cardiomediastinum,0.0,0.0,0.2,0.0010162601626016261,0.2,0.0020325203252032522
no finding and no fracture,negative,984,chexpert_No Finding,chexpert_Fracture,0.0,0.0,0.8,0.0040650406504065045,0.5,0.00508130081300813
no finding and no lung lesion,negative,984,chexpert_No Finding,chexpert_Lung Lesion,1.0,0.0010162601626016261,0.2,0.0010162601626016261,0.3,0.003048780487804878
no finding and no lung opacity,negative,984,chexpert_No Finding,chexpert_Lung Opacity,1.0,0.0010162601626016261,0.2,0.0010162601626016261,0.1,0.0010162601626016261
no finding and no pleural effusion,negative,984,chexpert_No Finding,chexpert_Pleural Effusion,0.0,0.0,0.0,0.0,0.0,0.0
no finding and no pleural other,negative,984,chexpert_No Finding,chexpert_Pleural Other,1.0,0.0010162601626016261,0.2,0.0010162601626016261,0.4,0.0040650406504065045
no finding and no pneumonia,negative,984,chexpert_No Finding,chexpert_Pneumonia,0.0,0.0,0.0,0.0,0.0,0.0
no finding and no pneumothorax,negative,984,chexpert_No Finding,chexpert_Pneumothorax,0.0,0.0,0.2,0.0010162601626016261,0.2,0.0020325203252032522
pleural effusion and no atelectasis,negative,839,chexpert_Pleural Effusion,chexpert_Atelectasis,0.0,0.0,0.4,0.0023837902264600714,0.5,0.0059594755661501785
pleural effusion and no cardiomegaly,negative,968,chexpert_Pleural Effusion,chexpert_Cardiomegaly,1.0,0.0010330578512396695,0.4,0.002066115702479339,0.3,0.0030991735537190084
pleural effusion and no consolidation,negative,1335,chexpert_Pleural Effusion,chexpert_Consolidation,0.0,0.0,0.6,0.0022471910112359553,0.6,0.0044943820224719105
pleural effusion and no edema,negative,923,chexpert_Pleural Effusion,chexpert_Edema,1.0,0.0010834236186348862,0.2,0.0010834236186348862,0.2,0.0021668472372697724
pleural effusion and no enlarged cardiomediastinum,negative,1353,chexpert_Pleural Effusion,chexpert_Enlarged Cardiomediastinum,0.0,0.0,0.4,0.0014781966001478197,0.5,0.003695491500369549
pleural effusion and no fracture,negative,1499,chexpert_Pleural Effusion,chexpert_Fracture,1.0,0.00066711140760507,0.8,0.00266844563042028,0.7,0.004669779853235491
pleural effusion and no lung lesion,negative,1469,chexpert_Pleural Effusion,chexpert_Lung Lesion,1.0,0.0006807351940095302,0.2,0.0006807351940095302,0.2,0.0013614703880190605
pleural effusion and no lung opacity,negative,950,chexpert_Pleural Effusion,chexpert_Lung Opacity,0.0,0.0,0.4,0.002105263157894737,0.4,0.004210526315789474
pleural effusion and no no finding,negative,1542,chexpert_Pleural Effusion,chexpert_No Finding,0.0,0.0,0.4,0.0012970168612191958,0.5,0.00324254215304799
pleural effusion and no pleural other,negative,1500,chexpert_Pleural Effusion,chexpert_Pleural Other,0.0,0.0,0.6,0.002,0.7,0.004666666666666667
pleural effusion and no pneumonia,negative,1224,chexpert_Pleural Effusion,chexpert_Pneumonia,0.0,0.0,0.2,0.0008169934640522876,0.2,0.0016339869281045752
pleural effusion and no pneumothorax,negative,1481,chexpert_Pleural Effusion,chexpert_Pneumothorax,0.0,0.0,0.2,0.0006752194463200541,0.1,0.0006752194463200541
pleural other and no atelectasis,negative,107,chexpert_Pleural Other,chexpert_Atelectasis,0.0,0.0,0.0,0.0,0.1,0.009345794392523364
pleural other and no cardiomegaly,negative,81,chexpert_Pleural Other,chexpert_Cardiomegaly,0.0,0.0,0.0,0.0,0.0,0.0
pleural other and no consolidation,negative,109,chexpert_Pleural Other,chexpert_Consolidation,0.0,0.0,0.0,0.0,0.0,0.0
pleural other and no edema,negative,93,chexpert_Pleural Other,chexpert_Edema,0.0,0.0,0.0,0.0,0.0,0.0
pleural other and no enlarged cardiomediastinum,negative,105,chexpert_Pleural Other,chexpert_Enlarged Cardiomediastinum,0.0,0.0,0.0,0.0,0.1,0.009523809523809525
pleural other and no fracture,negative,110,chexpert_Pleural Other,chexpert_Fracture,0.0,0.0,0.0,0.0,0.0,0.0
pleural other and no lung lesion,negative,109,chexpert_Pleural Other,chexpert_Lung Lesion,0.0,0.0,0.0,0.0,0.0,0.0
pleural other and no lung opacity,negative,76,chexpert_Pleural Other,chexpert_Lung Opacity,0.0,0.0,0.0,0.0,0.0,0.0
pleural other and no no finding,negative,119,chexpert_Pleural Other,chexpert_No Finding,0.0,0.0,0.0,0.0,0.0,0.0
pleural other and no pleural effusion,negative,83,chexpert_Pleural Other,chexpert_Pleural Effusion,0.0,0.0,0.0,0.0,0.0,0.0
pleural other and no pneumonia,negative,81,chexpert_Pleural Other,chexpert_Pneumonia,0.0,0.0,0.0,0.0,0.0,0.0
pleural other and no pneumothorax,negative,114,chexpert_Pleural Other,chexpert_Pneumothorax,0.0,0.0,0.0,0.0,0.0,0.0
pneumonia and no atelectasis,negative,399,chexpert_Pneumonia,chexpert_Atelectasis,1.0,0.002506265664160401,0.4,0.005012531328320802,0.6,0.015037593984962405
pneumonia and no cardiomegaly,negative,393,chexpert_Pneumonia,chexpert_Cardiomegaly,0.0,0.0,0.0,0.0,0.0,0.0
pneumonia and no consolidation,negative,440,chexpert_Pneumonia,chexpert_Consolidation,0.0,0.0,0.4,0.004545454545454545,0.3,0.006818181818181818
pneumonia and no edema,negative,393,chexpert_Pneumonia,chexpert_Edema,0.0,0.0,0.0,0.0,0.0,0.0
pneumonia and no enlarged cardiomediastinum,negative,506,chexpert_Pneumonia,chexpert_Enlarged Cardiomediastinum,1.0,0.001976284584980237,0.6,0.005928853754940711,0.3,0.005928853754940711
pneumonia and no fracture,negative,531,chexpert_Pneumonia,chexpert_Fracture,1.0,0.0018832391713747645,0.8,0.007532956685499058,0.4,0.007532956685499058
pneumonia and no lung lesion,negative,502,chexpert_Pneumonia,chexpert_Lung Lesion,0.0,0.0,0.2,0.00199203187250996,0.3,0.00597609561752988
pneumonia and no lung opacity,negative,254,chexpert_Pneumonia,chexpert_Lung Opacity,0.0,0.0,0.2,0.003937007874015748,0.1,0.003937007874015748
pneumonia and no no finding,negative,539,chexpert_Pneumonia,chexpert_No Finding,1.0,0.0018552875695732839,0.8,0.0074211502782931356,0.7,0.012987012987012988
pneumonia and no pleural effusion,negative,363,chexpert_Pneumonia,chexpert_Pleural Effusion,1.0,0.0027548209366391185,0.2,0.0027548209366391185,0.3,0.008264462809917356
pneumonia and no pleural other,negative,511,chexpert_Pneumonia,chexpert_Pleural Other,0.0,0.0,0.0,0.0,0.1,0.0019569471624266144
pneumonia and no pneumothorax,negative,526,chexpert_Pneumonia,chexpert_Pneumothorax,1.0,0.0019011406844106464,0.4,0.0038022813688212928,0.2,0.0038022813688212928
pneumothorax and no atelectasis,negative,100,chexpert_Pneumothorax,chexpert_Atelectasis,0.0,0.0,0.0,0.0,0.2,0.02
pneumothorax and no cardiomegaly,negative,123,chexpert_Pneumothorax,chexpert_Cardiomegaly,1.0,0.008130081300813009,0.2,0.008130081300813009,0.2,0.016260162601626018
pneumothorax and no consolidation,negative,136,chexpert_Pneumothorax,chexpert_Consolidation,1.0,0.007352941176470588,0.4,0.014705882352941176,0.2,0.014705882352941176
pneumothorax and no edema,negative,121,chexpert_Pneumothorax,chexpert_Edema,1.0,0.008264462809917356,0.6,0.024793388429752067,0.3,0.024793388429752067
pneumothorax and no enlarged cardiomediastinum,negative,117,chexpert_Pneumothorax,chexpert_Enlarged Cardiomediastinum,0.0,0.0,0.0,0.0,0.1,0.008547008547008548
pneumothorax and no fracture,negative,138,chexpert_Pneumothorax,chexpert_Fracture,0.0,0.0,0.2,0.007246376811594203,0.3,0.021739130434782608
pneumothorax and no lung lesion,negative,138,chexpert_Pneumothorax,chexpert_Lung Lesion,0.0,0.0,0.0,0.0,0.0,0.0
pneumothorax and no lung opacity,negative,92,chexpert_Pneumothorax,chexpert_Lung Opacity,0.0,0.0,0.0,0.0,0.0,0.0
pneumothorax and no no finding,negative,144,chexpert_Pneumothorax,chexpert_No Finding,0.0,0.0,0.2,0.006944444444444444,0.2,0.013888888888888888
pneumothorax and no pleural effusion,negative,90,chexpert_Pneumothorax,chexpert_Pleural Effusion,1.0,0.011111111111111112,0.2,0.011111111111111112,0.2,0.022222222222222223
pneumothorax and no pleural other,negative,142,chexpert_Pneumothorax,chexpert_Pleural Other,0.0,0.0,0.0,0.0,0.2,0.014084507042253521
pneumothorax and no pneumonia,negative,124,chexpert_Pneumothorax,chexpert_Pneumonia,0.0,0.0,0.0,0.0,0.1,0.008064516129032258
